11 0.399407 0.356340 0.312548 0.122791
11 0.119232 0.566090 0.059758 0.018212
11 0.208584 0.566469 0.058620 0.017453
11 0.292246 0.565710 0.055205 0.014418
11 0.370785 0.566469 0.052929 0.017453
11 0.443918 0.566090 0.053498 0.015177
11 0.513920 0.566090 0.046668 0.016694
11 0.581077 0.566849 0.045530 0.016694
11 0.645572 0.566997 0.043637 0.014831
11 0.706108 0.567282 0.040642 0.014260
11 0.764932 0.567567 0.038503 0.013690
11 0.820762 0.567567 0.037220 0.013690
11 0.874666 0.568137 0.035509 0.012549
11 0.582041 0.594092 0.045776 0.015401
11 0.645786 0.593236 0.043209 0.013690
11 0.514875 0.593806 0.044921 0.014831
11 0.706322 0.592951 0.040215 0.015401
11 0.764718 0.592380 0.038075 0.014260
11 0.821617 0.592095 0.038075 0.014831
11 0.874695 0.592095 0.035509 0.014831
11 0.513805 0.621186 0.046204 0.017113
11 0.581400 0.620046 0.043637 0.014831
11 0.644502 0.619475 0.042354 0.014831
11 0.706108 0.618905 0.041498 0.015972
11 0.764718 0.618049 0.039787 0.014260
11 0.820548 0.616338 0.036792 0.013120
11 0.873811 0.616338 0.035509 0.014260
11 0.581614 0.647426 0.044065 0.014831
11 0.644930 0.645714 0.043209 0.014831
11 0.821190 0.641722 0.037220 0.014831
11 0.874880 0.640581 0.036792 0.013690
11 0.765360 0.642292 0.036792 0.013690
11 0.580758 0.674521 0.044921 0.014260
11 0.644716 0.671383 0.041926 0.014831
11 0.821404 0.665964 0.035081 0.013120
11 0.118783 0.598719 0.062305 0.019336
11 0.207674 0.596571 0.057471 0.017904
11 0.290389 0.596929 0.055322 0.018620
11 0.369882 0.595138 0.053174 0.016471
11 0.444003 0.594780 0.048877 0.015755
11 0.118246 0.628797 0.062305 0.017904
11 0.207137 0.628439 0.059619 0.018620
11 0.291463 0.625933 0.055322 0.016471
11 0.370150 0.624859 0.055859 0.017188
11 0.442847 0.622689 0.051025 0.016471
11 0.118433 0.661719 0.062842 0.020052
11 0.207324 0.659213 0.059082 0.017904
11 0.369263 0.653125 0.053174 0.017188
11 0.444023 0.651335 0.050488 0.016471
11 0.117358 0.693588 0.063916 0.017904
11 0.206519 0.690365 0.063916 0.020052
11 0.370069 0.682440 0.051563 0.018525
11 0.442847 0.678907 0.047803 0.018620
11 0.705348 0.644124 0.039126 0.013042
11 0.770829 0.668034 0.034235 0.014491
