3 0.029718 0.326371 0.029808 0.053281
3 0.063061 0.333633 0.030892 0.050667
3 0.092821 0.341377 0.029775 0.049554
3 0.126121 0.348697 0.028752 0.050315
3 0.156550 0.355847 0.029209 0.049809
3 0.419565 0.421124 0.031691 0.055717
3 0.458220 0.430273 0.034424 0.055969
3 0.497750 0.442030 0.032177 0.057118
3 0.540094 0.448587 0.038981 0.059047
3 0.583379 0.462911 0.039588 0.059176
3 0.864564 0.529297 0.043893 0.063446
3 0.919006 0.541144 0.046472 0.066460
3 0.975976 0.556192 0.048048 0.065111
3 0.785014 0.076539 0.054244 0.070807
3 0.855110 0.077666 0.057553 0.076550
3 0.347273 0.060692 0.052726 0.071482
3 0.413086 0.063727 0.052347 0.069459
3 0.478709 0.067098 0.053106 0.068110
