3 0.254656 0.048710 0.050803 0.051365
3 0.320879 0.047823 0.049850 0.049728
3 0.387148 0.049322 0.050803 0.052590
3 0.455347 0.052933 0.047806 0.051090
3 0.520117 0.054398 0.049850 0.054157
3 0.585955 0.056681 0.049941 0.049454
3 0.652178 0.060120 0.048713 0.054157
3 0.255655 0.112372 0.046623 0.052521
3 0.320334 0.112338 0.046761 0.055451
3 0.387648 0.113803 0.047989 0.049797
3 0.454439 0.114552 0.049896 0.051159
3 0.519309 0.116665 0.046144 0.046389
3 0.585569 0.118968 0.046390 0.048187
3 0.652496 0.121330 0.046027 0.047188
3 0.254996 0.176249 0.046102 0.048074
3 0.320084 0.175750 0.045149 0.047529
3 0.386762 0.176794 0.045437 0.046983
3 0.454035 0.175478 0.047505 0.048029
3 0.519356 0.180682 0.047032 0.047617
3 0.586049 0.181432 0.043430 0.047662
3 0.651001 0.185225 0.045548 0.047617
3 0.256097 0.236837 0.044854 0.044619
3 0.320004 0.238767 0.046032 0.046845
3 0.386213 0.239925 0.043460 0.047617
3 0.452391 0.240266 0.047061 0.046845
3 0.519143 0.241788 0.045458 0.046980
3 0.584020 0.244764 0.044399 0.048390
3 0.651045 0.247444 0.044489 0.047662
3 0.255295 0.301439 0.044399 0.047797
3 0.321291 0.302189 0.043400 0.047752
3 0.386470 0.302893 0.045973 0.050706
3 0.452663 0.302077 0.045368 0.042985
3 0.518327 0.305528 0.046003 0.048434
3 0.583823 0.305506 0.044854 0.045301
3 0.649759 0.309707 0.047002 0.049162
3 0.319702 0.363523 0.044459 0.052474
3 0.385970 0.363182 0.045943 0.048524
3 0.450120 0.364793 0.045727 0.047025
3 0.516888 0.367384 0.045003 0.050840
3 0.582097 0.368111 0.047516 0.052295
3 0.647473 0.369951 0.045458 0.046980
3 0.320519 0.425446 0.045973 0.048658
3 0.385728 0.426649 0.046607 0.046253
3 0.452208 0.426923 0.045548 0.047070
3 0.516116 0.430374 0.045518 0.050795
3 0.581809 0.429921 0.045063 0.048524
3 0.646731 0.434078 0.044944 0.049206
3 0.321048 0.486960 0.044004 0.047025
3 0.385955 0.487301 0.043974 0.044709
3 0.450407 0.490322 0.046062 0.047662
3 0.516660 0.492593 0.046607 0.049296
3 0.579796 0.491799 0.045033 0.046253
3 0.645777 0.492867 0.044004 0.048390
3 0.256962 0.363568 0.042274 0.052474
3 0.258475 0.424400 0.043303 0.050750
3 0.321988 0.546477 0.043020 0.046745
3 0.386198 0.549045 0.045414 0.046152
3 0.451604 0.550907 0.043356 0.046700
3 0.644278 0.554633 0.044989 0.049699
3 0.642687 0.612701 0.043798 0.048846
3 0.580885 0.553542 0.043810 0.047338
3 0.507622 0.549475 0.039970 0.052474
3 0.322458 0.607129 0.044019 0.048200
3 0.386667 0.609401 0.042476 0.045201
3 0.450228 0.608963 0.046283 0.049193
3 0.323182 0.664520 0.044183 0.044797
3 0.386183 0.667485 0.045503 0.047428
3 0.449747 0.669114 0.044397 0.047248
3 0.640840 0.675345 0.044899 0.048155
3 0.640083 0.731271 0.042237 0.048793
3 0.639099 0.790743 0.043117 0.043702
3 0.323259 0.725206 0.043445 0.047472
3 0.324486 0.781837 0.043781 0.046611
3 0.325016 0.838355 0.042901 0.047428
3 0.325557 0.893169 0.043872 0.051731
3 0.385634 0.726072 0.043991 0.046136
3 0.385911 0.785562 0.044959 0.048155
3 0.449668 0.785690 0.046695 0.049576
3 0.446668 0.726387 0.051961 0.055472
3 0.385713 0.834333 0.041969 0.028486
