3 0.127871 0.544978 0.073925 0.076462
3 0.036463 0.410901 0.072926 0.074751
3 0.221277 0.682159 0.076922 0.074963
3 0.038961 0.819446 0.077921 0.073251
3 0.130868 0.953523 0.077921 0.074963
3 0.296701 0.816342 0.043956 0.082459
3 0.122155 0.138743 0.081362 0.088523
3 0.218507 0.268993 0.084494 0.082324
3 0.293204 0.408546 0.044955 0.085457
3 0.768225 0.669415 0.073925 0.082459
3 0.859633 0.805097 0.074924 0.077961
3 0.950541 0.937031 0.074924 0.080960
3 0.496000 0.264618 0.066933 0.073463
3 0.950042 0.530735 0.075923 0.077961
3 0.858135 0.397301 0.075923 0.077961
3 0.765532 0.261642 0.079313 0.085448
3 0.674607 0.128190 0.079346 0.088408
3 0.947698 0.124440 0.080599 0.083949
