3 0.253344 0.048285 0.065020 0.067323
3 0.330460 0.045133 0.063382 0.060830
3 0.408579 0.041556 0.063245 0.059262
3 0.483316 0.040057 0.062428 0.065396
3 0.560573 0.037946 0.066288 0.066896
3 0.639760 0.037877 0.062383 0.063897
3 0.715610 0.036446 0.065426 0.063897
3 0.791414 0.038695 0.062474 0.065396
3 0.253519 0.125825 0.066517 0.062398
3 0.331094 0.125774 0.063928 0.074157
3 0.406218 0.120887 0.062246 0.063691
3 0.483907 0.120240 0.065335 0.068258
3 0.562049 0.118094 0.069149 0.066827
3 0.639260 0.120343 0.063291 0.068326
3 0.715541 0.117345 0.063382 0.068326
3 0.793344 0.118129 0.064427 0.069620
3 0.254995 0.209585 0.063382 0.072550
3 0.331299 0.204612 0.063336 0.071188
3 0.407626 0.201717 0.065243 0.062261
3 0.484814 0.201036 0.065152 0.066621
3 0.563502 0.198890 0.064153 0.064916
3 0.641213 0.198856 0.065198 0.064985
3 0.718470 0.198140 0.065243 0.066553
3 0.794797 0.201036 0.063428 0.066484
3 0.254973 0.289734 0.061521 0.069620
3 0.329869 0.286157 0.066288 0.065191
3 0.408057 0.286157 0.068195 0.065053
3 0.485268 0.284046 0.064244 0.066415
3 0.562526 0.281968 0.064290 0.067983
3 0.641690 0.281219 0.064244 0.066621
3 0.719355 0.280944 0.065289 0.063760
3 0.796658 0.281866 0.061246 0.065191
3 0.797657 0.365488 0.061429 0.066621
3 0.720263 0.364773 0.063291 0.065328
3 0.253811 0.371064 0.061954 0.061469
3 0.485639 0.365817 0.061954 0.062969
3 0.564080 0.366567 0.062953 0.061469
3 0.407697 0.367316 0.063952 0.065967
