17 0.603915 0.198701 0.114041 0.054377
17 0.372135 0.354518 0.028296 0.012795
17 0.418671 0.755643 0.134711 0.066273
17 0.426517 0.666882 0.107087 0.045929
17 0.168797 0.716748 0.337595 0.104736
17 0.682515 0.787625 0.033176 0.026618
17 0.623188 0.734381 0.028666 0.016034
17 0.584814 0.730475 0.023168 0.010039
17 0.627902 0.782162 0.024986 0.017938
17 0.595581 0.793044 0.024336 0.012960
17 0.569854 0.785203 0.021529 0.009473
17 0.788714 0.757007 0.035596 0.021539
17 0.831930 0.756339 0.035947 0.021274
17 0.753003 0.759048 0.029322 0.017715
