7 0.017919 0.123780 0.035838 0.046292
7 0.129480 0.124787 0.108671 0.040254
7 0.276879 0.126799 0.109827 0.040254
7 0.426012 0.126799 0.107514 0.048304
7 0.573410 0.124787 0.108671 0.044279
7 0.721387 0.127806 0.115607 0.042266
7 0.872832 0.125793 0.110983 0.038241
7 0.142197 0.867468 0.110983 0.040254
7 0.027168 0.865455 0.054335 0.048304
7 0.980925 0.127806 0.038150 0.046292
7 0.284971 0.866461 0.116763 0.042266
7 0.428324 0.867468 0.112139 0.044279
7 0.571098 0.867468 0.117919 0.044279
7 0.714451 0.867468 0.110983 0.048304
7 0.858960 0.867468 0.110983 0.048304
7 0.974566 0.867468 0.050867 0.040254
