3 0.031099 0.524361 0.034151 0.040786
3 0.063634 0.517410 0.031491 0.039024
3 0.126968 0.508547 0.029969 0.037322
3 0.155521 0.505203 0.029223 0.038285
3 0.185024 0.497832 0.027963 0.036295
3 0.214157 0.494360 0.028128 0.036365
3 0.298651 0.479834 0.025919 0.029795
3 0.375628 0.467189 0.023191 0.032913
3 0.425420 0.460606 0.022216 0.034299
3 0.449195 0.457142 0.022606 0.032220
3 0.472093 0.453504 0.018903 0.029795
3 0.540742 0.444021 0.021132 0.033680
3 0.563101 0.438606 0.019293 0.032566
3 0.584928 0.434103 0.020462 0.033259
3 0.648458 0.423189 0.019293 0.031527
3 0.627119 0.427000 0.017929 0.026677
3 0.668531 0.420591 0.018513 0.028409
3 0.688350 0.418628 0.017816 0.030017
3 0.752601 0.435817 0.014509 0.037356
3 0.768361 0.442043 0.015009 0.037356
3 0.736342 0.429147 0.012007 0.032909
3 0.785871 0.450048 0.016010 0.040913
3 0.878495 0.481432 0.020030 0.044351
3 0.900960 0.487640 0.023707 0.049805
3 0.920665 0.495373 0.022174 0.053437
3 0.943486 0.502196 0.023238 0.048026
3 0.966173 0.511348 0.024370 0.047735
3 0.989494 0.521202 0.021013 0.044471
3 0.859416 0.476286 0.017010 0.040024
3 0.705823 0.420252 0.013008 0.032909
