4 0.921307 0.234765 0.051673 0.056083
4 0.974606 0.255607 0.050789 0.056322
3 0.136980 0.080364 0.029605 0.038200
3 0.174001 0.078153 0.029999 0.040320
3 0.209962 0.075465 0.030710 0.040175
3 0.246742 0.072410 0.029706 0.039171
3 0.283659 0.070808 0.028366 0.037951
3 0.319335 0.067676 0.029878 0.038920
3 0.354959 0.063527 0.028536 0.036406
3 0.389959 0.060375 0.028847 0.035899
3 0.472842 0.068235 0.017536 0.038876
3 0.490635 0.075652 0.018046 0.040176
3 0.508225 0.083160 0.017578 0.042720
3 0.527202 0.088109 0.019329 0.041882
11 0.549190 0.096470 0.022218 0.027024
11 0.573692 0.105747 0.023322 0.029006
11 0.599388 0.115486 0.023361 0.030247
