11 0.103067 0.061973 0.064049 0.034997
4 0.164093 0.165278 0.033502 0.019783
4 0.029452 0.158450 0.034361 0.021572
4 0.338166 0.458656 0.027053 0.020691
4 0.377943 0.458921 0.027857 0.020161
4 0.457362 0.459187 0.028125 0.019630
11 0.123244 0.455887 0.023094 0.012628
11 0.151013 0.456168 0.023094 0.012067
11 0.178499 0.456589 0.023094 0.012348
3 0.678265 0.462776 0.015106 0.020612
3 0.696812 0.462609 0.015609 0.019615
3 0.771334 0.463274 0.014938 0.019615
3 0.789377 0.464105 0.014770 0.019947
3 0.806917 0.463274 0.013931 0.020944
